1.333000000000000114e+02
1.333000000000000114e+02
1.331499999999999773e+02
1.331499999999999773e+02
1.331499999999999773e+02
1.331499999999999773e+02
1.331499999999999773e+02
1.331499999999999773e+02
1.330000000000000000e+02
1.330000000000000000e+02
1.330000000000000000e+02
1.330000000000000000e+02
1.330000000000000000e+02
1.330000000000000000e+02
1.328499999999999943e+02
1.328499999999999943e+02
1.328499999999999943e+02
1.328499999999999943e+02
1.328499999999999943e+02
1.328499999999999943e+02
1.326999999999999886e+02
1.326999999999999886e+02
1.326999999999999886e+02
1.326999999999999886e+02
1.326999999999999886e+02
1.326999999999999886e+02
1.325500000000000114e+02
1.325500000000000114e+02
1.325500000000000114e+02
1.325500000000000114e+02
1.325500000000000114e+02
1.325500000000000114e+02
1.323999999999999773e+02
1.323999999999999773e+02
1.323999999999999773e+02
1.323999999999999773e+02
1.323999999999999773e+02
1.323999999999999773e+02
1.322500000000000000e+02
1.322500000000000000e+02
1.322500000000000000e+02
1.322500000000000000e+02
1.322500000000000000e+02
1.322500000000000000e+02
1.320999999999999943e+02
1.320999999999999943e+02
1.320999999999999943e+02
1.320999999999999943e+02
1.320999999999999943e+02
1.320999999999999943e+02
1.319499999999999886e+02
1.319499999999999886e+02
1.319499999999999886e+02
1.319499999999999886e+02
1.319499999999999886e+02
1.319499999999999886e+02
1.318000000000000114e+02
1.318000000000000114e+02
1.318000000000000114e+02
1.318000000000000114e+02
1.318000000000000114e+02
1.318000000000000114e+02
1.316499999999999773e+02
1.316499999999999773e+02
1.316499999999999773e+02
1.316499999999999773e+02
1.316499999999999773e+02
1.315000000000000000e+02
1.315000000000000000e+02
1.315000000000000000e+02
1.315000000000000000e+02
1.315000000000000000e+02
1.315000000000000000e+02
1.313499999999999943e+02
1.313499999999999943e+02
1.313499999999999943e+02
1.313499999999999943e+02
1.313499999999999943e+02
1.313499999999999943e+02
1.311999999999999886e+02
1.311999999999999886e+02
1.311999999999999886e+02
1.311999999999999886e+02
1.311999999999999886e+02
1.310500000000000114e+02
1.310500000000000114e+02
1.310500000000000114e+02
1.310500000000000114e+02
1.310500000000000114e+02
1.310500000000000114e+02
1.308999999999999773e+02
1.308999999999999773e+02
1.308999999999999773e+02
1.308999999999999773e+02
1.308999999999999773e+02
1.307500000000000000e+02
1.307500000000000000e+02
1.307500000000000000e+02
1.307500000000000000e+02
1.307500000000000000e+02
1.307500000000000000e+02
1.305999999999999943e+02
1.305999999999999943e+02
1.305999999999999943e+02
1.305999999999999943e+02
1.305999999999999943e+02
1.304499999999999886e+02
1.304499999999999886e+02
1.304499999999999886e+02
1.304499999999999886e+02
1.304499999999999886e+02
1.304499999999999886e+02
1.303000000000000114e+02
1.303000000000000114e+02
1.303000000000000114e+02
1.303000000000000114e+02
1.303000000000000114e+02
1.301499999999999773e+02
1.301499999999999773e+02
1.301499999999999773e+02
1.301499999999999773e+02
1.301499999999999773e+02
1.300000000000000000e+02
1.300000000000000000e+02
1.300000000000000000e+02
1.300000000000000000e+02
1.300000000000000000e+02
1.300000000000000000e+02
1.298499999999999943e+02
1.298499999999999943e+02
1.298499999999999943e+02
1.298499999999999943e+02
1.298499999999999943e+02
1.296999999999999886e+02
1.296999999999999886e+02
1.296999999999999886e+02
1.296999999999999886e+02
1.296999999999999886e+02
1.295500000000000114e+02
1.295500000000000114e+02
1.295500000000000114e+02
1.295500000000000114e+02
1.295500000000000114e+02
1.293999999999999773e+02
1.293999999999999773e+02
1.293999999999999773e+02
1.293999999999999773e+02
1.293999999999999773e+02
1.292500000000000000e+02
1.292500000000000000e+02
1.292500000000000000e+02
1.292500000000000000e+02
1.292500000000000000e+02
1.290999999999999943e+02
1.290999999999999943e+02
1.290999999999999943e+02
1.290999999999999943e+02
1.290999999999999943e+02
1.290999999999999943e+02
1.289499999999999886e+02
1.289499999999999886e+02
1.289499999999999886e+02
1.289499999999999886e+02
1.289499999999999886e+02
1.288000000000000114e+02
1.288000000000000114e+02
1.288000000000000114e+02
1.288000000000000114e+02
1.288000000000000114e+02
1.286499999999999773e+02
1.286499999999999773e+02
1.286499999999999773e+02
1.286499999999999773e+02
1.285000000000000000e+02
1.285000000000000000e+02
1.285000000000000000e+02
1.285000000000000000e+02
1.285000000000000000e+02
1.283499999999999943e+02
1.283499999999999943e+02
1.283499999999999943e+02
1.283499999999999943e+02
1.283499999999999943e+02
1.281999999999999886e+02
1.281999999999999886e+02
1.281999999999999886e+02
1.281999999999999886e+02
1.281999999999999886e+02
1.280500000000000114e+02
1.280500000000000114e+02
1.280500000000000114e+02
1.280500000000000114e+02
1.280500000000000114e+02
1.278999999999999915e+02
1.278999999999999915e+02
1.278999999999999915e+02
1.278999999999999915e+02
1.278999999999999915e+02
1.277500000000000000e+02
1.277500000000000000e+02
1.277500000000000000e+02
1.277500000000000000e+02
1.275999999999999943e+02
1.275999999999999943e+02
1.275999999999999943e+02
1.275999999999999943e+02
1.275999999999999943e+02
1.274499999999999886e+02
1.274499999999999886e+02
1.274499999999999886e+02
1.274499999999999886e+02
1.274499999999999886e+02
1.272999999999999972e+02
1.272999999999999972e+02
1.272999999999999972e+02
1.272999999999999972e+02
1.271499999999999915e+02
1.271499999999999915e+02
1.271499999999999915e+02
1.271499999999999915e+02
1.271499999999999915e+02
1.270000000000000000e+02
1.270000000000000000e+02
1.270000000000000000e+02
1.270000000000000000e+02
1.270000000000000000e+02
1.268499999999999943e+02
1.268499999999999943e+02
1.268499999999999943e+02
1.268499999999999943e+02
1.266999999999999886e+02
1.266999999999999886e+02
1.266999999999999886e+02
1.266999999999999886e+02
1.266999999999999886e+02
1.265499999999999972e+02
1.265499999999999972e+02
1.265499999999999972e+02
1.265499999999999972e+02
1.263999999999999915e+02
1.263999999999999915e+02
1.263999999999999915e+02
1.263999999999999915e+02
1.262500000000000000e+02
1.262500000000000000e+02
1.262500000000000000e+02
1.262500000000000000e+02
1.262500000000000000e+02
1.260999999999999943e+02
1.260999999999999943e+02
1.260999999999999943e+02
1.260999999999999943e+02
1.259499999999999886e+02
1.259499999999999886e+02
1.259499999999999886e+02
1.259499999999999886e+02
1.259499999999999886e+02
1.257999999999999972e+02
1.257999999999999972e+02
1.257999999999999972e+02
1.257999999999999972e+02
1.256499999999999915e+02
1.256499999999999915e+02
1.256499999999999915e+02
1.256499999999999915e+02
1.255000000000000000e+02
1.255000000000000000e+02
1.255000000000000000e+02
1.255000000000000000e+02
1.253499999999999943e+02
1.253499999999999943e+02
1.253499999999999943e+02
1.253499999999999943e+02
1.253499999999999943e+02
1.251999999999999886e+02
1.251999999999999886e+02
1.251999999999999886e+02
1.251999999999999886e+02
1.250499999999999972e+02
1.250499999999999972e+02
1.250499999999999972e+02
1.250499999999999972e+02
1.248999999999999915e+02
1.248999999999999915e+02
1.248999999999999915e+02
1.248999999999999915e+02
1.247500000000000000e+02
1.247500000000000000e+02
1.247500000000000000e+02
1.247500000000000000e+02
1.245999999999999943e+02
1.245999999999999943e+02
1.245999999999999943e+02
1.245999999999999943e+02
1.244500000000000028e+02
1.244500000000000028e+02
1.244500000000000028e+02
1.244500000000000028e+02
1.242999999999999972e+02
1.242999999999999972e+02
1.242999999999999972e+02
1.242999999999999972e+02
1.241499999999999915e+02
1.241499999999999915e+02
1.241499999999999915e+02
1.241499999999999915e+02
1.240000000000000000e+02
1.240000000000000000e+02
1.240000000000000000e+02
1.240000000000000000e+02
1.238499999999999943e+02
1.238499999999999943e+02
1.238499999999999943e+02
1.238499999999999943e+02
1.237000000000000028e+02
1.237000000000000028e+02
1.237000000000000028e+02
1.237000000000000028e+02
1.235499999999999972e+02
1.235499999999999972e+02
1.235499999999999972e+02
1.235499999999999972e+02
1.233999999999999915e+02
1.233999999999999915e+02
1.233999999999999915e+02
1.233999999999999915e+02
1.232500000000000000e+02
1.232500000000000000e+02
1.232500000000000000e+02
1.230999999999999943e+02
1.230999999999999943e+02
1.230999999999999943e+02
1.230999999999999943e+02
1.229500000000000028e+02
1.229500000000000028e+02
1.229500000000000028e+02
1.229500000000000028e+02
1.227999999999999972e+02
1.227999999999999972e+02
1.227999999999999972e+02
1.227999999999999972e+02
1.226499999999999915e+02
1.226499999999999915e+02
1.226499999999999915e+02
1.225000000000000000e+02
1.225000000000000000e+02
1.225000000000000000e+02
1.225000000000000000e+02
1.223499999999999943e+02
1.223499999999999943e+02
1.223499999999999943e+02
1.223499999999999943e+02
1.222000000000000028e+02
1.222000000000000028e+02
1.222000000000000028e+02
1.220499999999999972e+02
1.220499999999999972e+02
1.220499999999999972e+02
1.220499999999999972e+02
1.218999999999999915e+02
1.218999999999999915e+02
1.218999999999999915e+02
1.217500000000000000e+02
1.217500000000000000e+02
1.217500000000000000e+02
1.217500000000000000e+02
1.215999999999999943e+02
1.215999999999999943e+02
1.215999999999999943e+02
1.214500000000000028e+02
1.214500000000000028e+02
1.214500000000000028e+02
1.214500000000000028e+02
1.212999999999999972e+02
1.212999999999999972e+02
1.212999999999999972e+02
1.211499999999999915e+02
1.211499999999999915e+02
1.211499999999999915e+02
1.211499999999999915e+02
1.210000000000000000e+02
1.210000000000000000e+02
1.210000000000000000e+02
1.208499999999999943e+02
1.208499999999999943e+02
1.208499999999999943e+02
1.208499999999999943e+02
1.207000000000000028e+02
1.207000000000000028e+02
1.207000000000000028e+02
1.205499999999999972e+02
1.205499999999999972e+02
1.205499999999999972e+02
1.203999999999999915e+02
1.203999999999999915e+02
1.203999999999999915e+02
1.203999999999999915e+02
1.202500000000000000e+02
1.202500000000000000e+02
1.202500000000000000e+02
1.200999999999999943e+02
1.200999999999999943e+02
1.200999999999999943e+02
1.199500000000000028e+02
1.199500000000000028e+02
1.199500000000000028e+02
1.197999999999999972e+02
1.197999999999999972e+02
1.197999999999999972e+02
1.197999999999999972e+02
1.196499999999999915e+02
1.196499999999999915e+02
1.196499999999999915e+02
1.195000000000000000e+02
1.195000000000000000e+02
1.195000000000000000e+02
1.193499999999999943e+02
1.193499999999999943e+02
1.193499999999999943e+02
1.192000000000000028e+02
1.192000000000000028e+02
1.192000000000000028e+02
1.190499999999999972e+02
1.190499999999999972e+02
1.190499999999999972e+02
1.188999999999999915e+02
1.188999999999999915e+02
1.188999999999999915e+02
1.187500000000000000e+02
1.187500000000000000e+02
1.187500000000000000e+02
1.185999999999999943e+02
1.185999999999999943e+02
1.185999999999999943e+02
1.185999999999999943e+02
1.184500000000000028e+02
1.184500000000000028e+02
1.184500000000000028e+02
1.182999999999999972e+02
1.182999999999999972e+02
1.181499999999999915e+02
1.181499999999999915e+02
1.181499999999999915e+02
1.180000000000000000e+02
1.180000000000000000e+02
1.180000000000000000e+02
1.178499999999999943e+02
1.178499999999999943e+02
1.178499999999999943e+02
1.177000000000000028e+02
1.177000000000000028e+02
1.177000000000000028e+02
1.175499999999999972e+02
1.175499999999999972e+02
1.175499999999999972e+02
1.173999999999999915e+02
1.173999999999999915e+02
1.173999999999999915e+02
1.172500000000000000e+02
1.172500000000000000e+02
1.172500000000000000e+02
1.170999999999999943e+02
1.170999999999999943e+02
1.170999999999999943e+02
1.169500000000000028e+02
1.169500000000000028e+02
1.167999999999999972e+02
1.167999999999999972e+02
1.167999999999999972e+02
1.166499999999999915e+02
1.166499999999999915e+02
1.166499999999999915e+02
1.165000000000000000e+02
1.165000000000000000e+02
1.165000000000000000e+02
1.163499999999999943e+02
1.163499999999999943e+02
1.162000000000000028e+02
1.162000000000000028e+02
1.162000000000000028e+02
1.160499999999999972e+02
1.160499999999999972e+02
1.160499999999999972e+02
1.158999999999999915e+02
1.158999999999999915e+02
1.157500000000000000e+02
1.157500000000000000e+02
1.157500000000000000e+02
1.155999999999999943e+02
1.155999999999999943e+02
1.155999999999999943e+02
1.154500000000000028e+02
1.154500000000000028e+02
1.152999999999999972e+02
1.152999999999999972e+02
1.152999999999999972e+02
1.151499999999999915e+02
1.151499999999999915e+02
1.150000000000000000e+02
1.150000000000000000e+02
1.150000000000000000e+02
1.148499999999999943e+02
1.148499999999999943e+02
1.147000000000000028e+02
1.147000000000000028e+02
1.147000000000000028e+02
1.145499999999999972e+02
1.145499999999999972e+02
1.143999999999999915e+02
1.143999999999999915e+02
1.143999999999999915e+02
1.142500000000000000e+02
1.142500000000000000e+02
1.140999999999999943e+02
1.140999999999999943e+02
1.139500000000000028e+02
1.139500000000000028e+02
1.139500000000000028e+02
1.137999999999999972e+02
1.137999999999999972e+02
1.136499999999999915e+02
1.136499999999999915e+02
1.136499999999999915e+02
1.135000000000000000e+02
1.135000000000000000e+02
1.133499999999999943e+02
1.133499999999999943e+02
1.132000000000000028e+02
1.132000000000000028e+02
1.132000000000000028e+02
1.130499999999999972e+02
1.130499999999999972e+02
1.128999999999999915e+02
1.128999999999999915e+02
1.127500000000000000e+02
1.127500000000000000e+02
1.125999999999999943e+02
1.125999999999999943e+02
1.125999999999999943e+02
1.124500000000000028e+02
1.124500000000000028e+02
1.122999999999999972e+02
1.122999999999999972e+02
1.121499999999999915e+02
1.121499999999999915e+02
1.120000000000000000e+02
1.120000000000000000e+02
1.118499999999999943e+02
1.118499999999999943e+02
1.117000000000000028e+02
1.117000000000000028e+02
1.117000000000000028e+02
1.115499999999999972e+02
1.115499999999999972e+02
1.113999999999999915e+02
1.113999999999999915e+02
1.112500000000000000e+02
1.112500000000000000e+02
1.110999999999999943e+02
1.110999999999999943e+02
1.109500000000000028e+02
1.109500000000000028e+02
1.107999999999999972e+02
1.107999999999999972e+02
1.106499999999999915e+02
1.106499999999999915e+02
1.105000000000000000e+02
1.105000000000000000e+02
1.103499999999999943e+02
1.103499999999999943e+02
1.102000000000000028e+02
1.102000000000000028e+02
1.100499999999999972e+02
1.100499999999999972e+02
1.098999999999999915e+02
1.098999999999999915e+02
1.097500000000000000e+02
1.097500000000000000e+02
1.095999999999999943e+02
1.095999999999999943e+02
1.094500000000000028e+02
1.092999999999999972e+02
1.092999999999999972e+02
1.091499999999999915e+02
1.091499999999999915e+02
1.090000000000000000e+02
1.090000000000000000e+02
1.088499999999999943e+02
1.088499999999999943e+02
1.087000000000000028e+02
1.087000000000000028e+02
1.085499999999999972e+02
1.083999999999999915e+02
1.083999999999999915e+02
1.082500000000000000e+02
1.082500000000000000e+02
1.080999999999999943e+02
1.080999999999999943e+02
1.079500000000000028e+02
1.077999999999999972e+02
1.077999999999999972e+02
1.076499999999999915e+02
1.076499999999999915e+02
1.075000000000000000e+02
1.073499999999999943e+02
1.073499999999999943e+02
1.072000000000000028e+02
1.072000000000000028e+02
1.070499999999999972e+02
1.068999999999999915e+02
1.068999999999999915e+02
1.067500000000000000e+02
1.067500000000000000e+02
1.065999999999999943e+02
1.064500000000000028e+02
1.064500000000000028e+02
1.062999999999999972e+02
1.061499999999999915e+02
1.061499999999999915e+02
1.060000000000000000e+02
1.060000000000000000e+02
1.058499999999999943e+02
1.057000000000000028e+02
1.057000000000000028e+02
1.055499999999999972e+02
1.053999999999999915e+02
1.053999999999999915e+02
1.052500000000000000e+02
1.050999999999999943e+02
1.049500000000000028e+02
1.049500000000000028e+02
1.047999999999999972e+02
1.046499999999999915e+02
1.046499999999999915e+02
1.045000000000000000e+02
1.043499999999999943e+02
1.043499999999999943e+02
1.042000000000000028e+02
1.040499999999999972e+02
1.038999999999999915e+02
1.038999999999999915e+02
1.037500000000000000e+02
1.035999999999999943e+02
1.034500000000000028e+02
1.034500000000000028e+02
1.032999999999999972e+02
1.031499999999999915e+02
1.030000000000000000e+02
1.028499999999999943e+02
1.028499999999999943e+02
1.027000000000000028e+02
1.025499999999999972e+02
1.023999999999999915e+02
1.022500000000000000e+02
1.022500000000000000e+02
1.020999999999999943e+02
1.019500000000000028e+02
1.017999999999999972e+02
1.016499999999999915e+02
1.015000000000000000e+02
1.015000000000000000e+02
1.013499999999999943e+02
1.012000000000000028e+02
1.010499999999999972e+02
1.008999999999999915e+02
1.007500000000000000e+02
1.005999999999999943e+02
1.004500000000000028e+02
1.002999999999999972e+02
1.001499999999999915e+02
1.000000000000000000e+02
1.000000000000000000e+02
9.984999999999999432e+01
9.970000000000000284e+01
9.954999999999999716e+01
9.939999999999999147e+01
9.925000000000000000e+01
9.909999999999999432e+01
9.895000000000000284e+01
9.864999999999999147e+01
9.850000000000000000e+01
9.834999999999999432e+01
9.820000000000000284e+01
9.804999999999999716e+01
9.789999999999999147e+01
9.775000000000000000e+01
9.759999999999999432e+01
9.745000000000000284e+01
9.714999999999999147e+01
9.700000000000000000e+01
9.684999999999999432e+01
9.670000000000000284e+01
9.654999999999999716e+01
9.625000000000000000e+01
9.609999999999999432e+01
9.595000000000000284e+01
9.564999999999999147e+01
9.550000000000000000e+01
9.534999999999999432e+01
9.504999999999999716e+01
9.489999999999999147e+01
9.459999999999999432e+01
9.445000000000000284e+01
9.414999999999999147e+01
9.400000000000000000e+01
9.370000000000000284e+01
9.354999999999999716e+01
9.325000000000000000e+01
9.295000000000000284e+01
9.279999999999999716e+01
9.250000000000000000e+01
9.220000000000000284e+01
9.189999999999999147e+01
9.159999999999999432e+01
9.129999999999999716e+01
9.100000000000000000e+01
9.070000000000000284e+01
9.039999999999999147e+01
8.995000000000000284e+01
8.964999999999999147e+01
8.920000000000000284e+01
8.889999999999999147e+01
8.845000000000000284e+01
8.800000000000000000e+01
8.739999999999999147e+01
8.695000000000000284e+01
8.634999999999999432e+01
8.559999999999999432e+01
8.484999999999999432e+01
8.395000000000000284e+01
8.000000000000000000e+01
