2.980000000000000071e+01
2.980000000000000071e+01
2.980000000000000071e+01
2.980000000000000071e+01
2.980000000000000071e+01
2.980000000000000071e+01
2.994999999999999929e+01
2.994999999999999929e+01
2.994999999999999929e+01
2.994999999999999929e+01
2.994999999999999929e+01
2.994999999999999929e+01
2.994999999999999929e+01
2.994999999999999929e+01
2.994999999999999929e+01
2.994999999999999929e+01
2.994999999999999929e+01
2.994999999999999929e+01
2.994999999999999929e+01
2.994999999999999929e+01
2.994999999999999929e+01
2.994999999999999929e+01
2.994999999999999929e+01
2.994999999999999929e+01
2.994999999999999929e+01
2.994999999999999929e+01
3.009999999999999787e+01
3.009999999999999787e+01
3.009999999999999787e+01
3.009999999999999787e+01
3.009999999999999787e+01
3.009999999999999787e+01
3.009999999999999787e+01
3.009999999999999787e+01
3.009999999999999787e+01
3.009999999999999787e+01
3.009999999999999787e+01
3.009999999999999787e+01
3.009999999999999787e+01
3.009999999999999787e+01
3.009999999999999787e+01
3.009999999999999787e+01
3.009999999999999787e+01
3.009999999999999787e+01
3.009999999999999787e+01
3.025000000000000000e+01
3.025000000000000000e+01
3.025000000000000000e+01
3.025000000000000000e+01
3.025000000000000000e+01
3.025000000000000000e+01
3.025000000000000000e+01
3.025000000000000000e+01
3.025000000000000000e+01
3.025000000000000000e+01
3.025000000000000000e+01
3.025000000000000000e+01
3.025000000000000000e+01
3.025000000000000000e+01
3.025000000000000000e+01
3.025000000000000000e+01
3.025000000000000000e+01
3.025000000000000000e+01
3.039999999999999858e+01
3.039999999999999858e+01
3.039999999999999858e+01
3.039999999999999858e+01
3.039999999999999858e+01
3.039999999999999858e+01
3.039999999999999858e+01
3.039999999999999858e+01
3.039999999999999858e+01
3.039999999999999858e+01
3.039999999999999858e+01
3.039999999999999858e+01
3.039999999999999858e+01
3.039999999999999858e+01
3.039999999999999858e+01
3.039999999999999858e+01
3.039999999999999858e+01
3.039999999999999858e+01
3.055000000000000071e+01
3.055000000000000071e+01
3.055000000000000071e+01
3.055000000000000071e+01
3.055000000000000071e+01
3.055000000000000071e+01
3.055000000000000071e+01
3.055000000000000071e+01
3.055000000000000071e+01
3.055000000000000071e+01
3.055000000000000071e+01
3.055000000000000071e+01
3.055000000000000071e+01
3.055000000000000071e+01
3.055000000000000071e+01
3.055000000000000071e+01
3.055000000000000071e+01
3.055000000000000071e+01
3.069999999999999929e+01
3.069999999999999929e+01
3.069999999999999929e+01
3.069999999999999929e+01
3.069999999999999929e+01
3.069999999999999929e+01
3.069999999999999929e+01
3.069999999999999929e+01
3.069999999999999929e+01
3.069999999999999929e+01
3.069999999999999929e+01
3.069999999999999929e+01
3.069999999999999929e+01
3.069999999999999929e+01
3.069999999999999929e+01
3.069999999999999929e+01
3.069999999999999929e+01
3.069999999999999929e+01
3.084999999999999787e+01
3.084999999999999787e+01
3.084999999999999787e+01
3.084999999999999787e+01
3.084999999999999787e+01
3.084999999999999787e+01
3.084999999999999787e+01
3.084999999999999787e+01
3.084999999999999787e+01
3.084999999999999787e+01
3.084999999999999787e+01
3.084999999999999787e+01
3.084999999999999787e+01
3.084999999999999787e+01
3.084999999999999787e+01
3.084999999999999787e+01
3.084999999999999787e+01
3.100000000000000000e+01
3.100000000000000000e+01
3.100000000000000000e+01
3.100000000000000000e+01
3.100000000000000000e+01
3.100000000000000000e+01
3.100000000000000000e+01
3.100000000000000000e+01
3.100000000000000000e+01
3.100000000000000000e+01
3.100000000000000000e+01
3.100000000000000000e+01
3.100000000000000000e+01
3.100000000000000000e+01
3.100000000000000000e+01
3.100000000000000000e+01
3.114999999999999858e+01
3.114999999999999858e+01
3.114999999999999858e+01
3.114999999999999858e+01
3.114999999999999858e+01
3.114999999999999858e+01
3.114999999999999858e+01
3.114999999999999858e+01
3.114999999999999858e+01
3.114999999999999858e+01
3.114999999999999858e+01
3.114999999999999858e+01
3.114999999999999858e+01
3.114999999999999858e+01
3.114999999999999858e+01
3.114999999999999858e+01
3.114999999999999858e+01
3.130000000000000071e+01
3.130000000000000071e+01
3.130000000000000071e+01
3.130000000000000071e+01
3.130000000000000071e+01
3.130000000000000071e+01
3.130000000000000071e+01
3.130000000000000071e+01
3.130000000000000071e+01
3.130000000000000071e+01
3.130000000000000071e+01
3.130000000000000071e+01
3.130000000000000071e+01
3.130000000000000071e+01
3.130000000000000071e+01
3.130000000000000071e+01
3.144999999999999929e+01
3.144999999999999929e+01
3.144999999999999929e+01
3.144999999999999929e+01
3.144999999999999929e+01
3.144999999999999929e+01
3.144999999999999929e+01
3.144999999999999929e+01
3.144999999999999929e+01
3.144999999999999929e+01
3.144999999999999929e+01
3.144999999999999929e+01
3.144999999999999929e+01
3.144999999999999929e+01
3.144999999999999929e+01
3.159999999999999787e+01
3.159999999999999787e+01
3.159999999999999787e+01
3.159999999999999787e+01
3.159999999999999787e+01
3.159999999999999787e+01
3.159999999999999787e+01
3.159999999999999787e+01
3.159999999999999787e+01
3.159999999999999787e+01
3.159999999999999787e+01
3.159999999999999787e+01
3.159999999999999787e+01
3.159999999999999787e+01
3.159999999999999787e+01
3.159999999999999787e+01
3.175000000000000000e+01
3.175000000000000000e+01
3.175000000000000000e+01
3.175000000000000000e+01
3.175000000000000000e+01
3.175000000000000000e+01
3.175000000000000000e+01
3.175000000000000000e+01
3.175000000000000000e+01
3.175000000000000000e+01
3.175000000000000000e+01
3.175000000000000000e+01
3.175000000000000000e+01
3.175000000000000000e+01
3.175000000000000000e+01
3.189999999999999858e+01
3.189999999999999858e+01
3.189999999999999858e+01
3.189999999999999858e+01
3.189999999999999858e+01
3.189999999999999858e+01
3.189999999999999858e+01
3.189999999999999858e+01
3.189999999999999858e+01
3.189999999999999858e+01
3.189999999999999858e+01
3.189999999999999858e+01
3.189999999999999858e+01
3.189999999999999858e+01
3.189999999999999858e+01
3.204999999999999716e+01
3.204999999999999716e+01
3.204999999999999716e+01
3.204999999999999716e+01
3.204999999999999716e+01
3.204999999999999716e+01
3.204999999999999716e+01
3.204999999999999716e+01
3.204999999999999716e+01
3.204999999999999716e+01
3.204999999999999716e+01
3.204999999999999716e+01
3.204999999999999716e+01
3.204999999999999716e+01
3.204999999999999716e+01
3.220000000000000284e+01
3.220000000000000284e+01
3.220000000000000284e+01
3.220000000000000284e+01
3.220000000000000284e+01
3.220000000000000284e+01
3.220000000000000284e+01
3.220000000000000284e+01
3.220000000000000284e+01
3.220000000000000284e+01
3.220000000000000284e+01
3.220000000000000284e+01
3.220000000000000284e+01
3.220000000000000284e+01
3.234999999999999432e+01
3.234999999999999432e+01
3.234999999999999432e+01
3.234999999999999432e+01
3.234999999999999432e+01
3.234999999999999432e+01
3.234999999999999432e+01
3.234999999999999432e+01
3.234999999999999432e+01
3.234999999999999432e+01
3.234999999999999432e+01
3.234999999999999432e+01
3.234999999999999432e+01
3.234999999999999432e+01
3.250000000000000000e+01
3.250000000000000000e+01
3.250000000000000000e+01
3.250000000000000000e+01
3.250000000000000000e+01
3.250000000000000000e+01
3.250000000000000000e+01
3.250000000000000000e+01
3.250000000000000000e+01
3.250000000000000000e+01
3.250000000000000000e+01
3.250000000000000000e+01
3.250000000000000000e+01
3.250000000000000000e+01
3.264999999999999858e+01
3.264999999999999858e+01
3.264999999999999858e+01
3.264999999999999858e+01
3.264999999999999858e+01
3.264999999999999858e+01
3.264999999999999858e+01
3.264999999999999858e+01
3.264999999999999858e+01
3.264999999999999858e+01
3.264999999999999858e+01
3.264999999999999858e+01
3.264999999999999858e+01
3.264999999999999858e+01
3.279999999999999716e+01
3.279999999999999716e+01
3.279999999999999716e+01
3.279999999999999716e+01
3.279999999999999716e+01
3.279999999999999716e+01
3.279999999999999716e+01
3.279999999999999716e+01
3.279999999999999716e+01
3.279999999999999716e+01
3.279999999999999716e+01
3.279999999999999716e+01
3.279999999999999716e+01
3.279999999999999716e+01
3.295000000000000284e+01
3.295000000000000284e+01
3.295000000000000284e+01
3.295000000000000284e+01
3.295000000000000284e+01
3.295000000000000284e+01
3.295000000000000284e+01
3.295000000000000284e+01
3.295000000000000284e+01
3.295000000000000284e+01
3.295000000000000284e+01
3.295000000000000284e+01
3.295000000000000284e+01
3.309999999999999432e+01
3.309999999999999432e+01
3.309999999999999432e+01
3.309999999999999432e+01
3.309999999999999432e+01
3.309999999999999432e+01
3.309999999999999432e+01
3.309999999999999432e+01
3.309999999999999432e+01
3.309999999999999432e+01
3.309999999999999432e+01
3.309999999999999432e+01
3.309999999999999432e+01
3.325000000000000000e+01
3.325000000000000000e+01
3.325000000000000000e+01
3.325000000000000000e+01
3.325000000000000000e+01
3.325000000000000000e+01
3.325000000000000000e+01
3.325000000000000000e+01
3.325000000000000000e+01
3.325000000000000000e+01
3.325000000000000000e+01
3.325000000000000000e+01
3.325000000000000000e+01
3.325000000000000000e+01
3.339999999999999858e+01
3.339999999999999858e+01
3.339999999999999858e+01
3.339999999999999858e+01
3.339999999999999858e+01
3.339999999999999858e+01
3.339999999999999858e+01
3.339999999999999858e+01
3.339999999999999858e+01
3.339999999999999858e+01
3.339999999999999858e+01
3.339999999999999858e+01
3.339999999999999858e+01
3.354999999999999716e+01
3.354999999999999716e+01
3.354999999999999716e+01
3.354999999999999716e+01
3.354999999999999716e+01
3.354999999999999716e+01
3.354999999999999716e+01
3.354999999999999716e+01
3.354999999999999716e+01
3.354999999999999716e+01
3.354999999999999716e+01
3.354999999999999716e+01
3.370000000000000284e+01
3.370000000000000284e+01
3.370000000000000284e+01
3.370000000000000284e+01
3.370000000000000284e+01
3.370000000000000284e+01
3.370000000000000284e+01
3.370000000000000284e+01
3.370000000000000284e+01
3.370000000000000284e+01
3.370000000000000284e+01
3.370000000000000284e+01
3.370000000000000284e+01
3.384999999999999432e+01
3.384999999999999432e+01
3.384999999999999432e+01
3.384999999999999432e+01
3.384999999999999432e+01
3.384999999999999432e+01
3.384999999999999432e+01
3.384999999999999432e+01
3.384999999999999432e+01
3.384999999999999432e+01
3.384999999999999432e+01
3.384999999999999432e+01
3.384999999999999432e+01
3.400000000000000000e+01
3.400000000000000000e+01
3.400000000000000000e+01
3.400000000000000000e+01
3.400000000000000000e+01
3.400000000000000000e+01
3.400000000000000000e+01
3.400000000000000000e+01
3.400000000000000000e+01
3.400000000000000000e+01
3.400000000000000000e+01
3.400000000000000000e+01
3.414999999999999858e+01
3.414999999999999858e+01
3.414999999999999858e+01
3.414999999999999858e+01
3.414999999999999858e+01
3.414999999999999858e+01
3.414999999999999858e+01
3.414999999999999858e+01
3.414999999999999858e+01
3.414999999999999858e+01
3.414999999999999858e+01
3.414999999999999858e+01
3.414999999999999858e+01
3.429999999999999716e+01
3.429999999999999716e+01
3.429999999999999716e+01
3.429999999999999716e+01
3.429999999999999716e+01
3.429999999999999716e+01
3.429999999999999716e+01
3.429999999999999716e+01
3.429999999999999716e+01
3.429999999999999716e+01
3.429999999999999716e+01
3.429999999999999716e+01
3.445000000000000284e+01
3.445000000000000284e+01
3.445000000000000284e+01
3.445000000000000284e+01
3.445000000000000284e+01
3.445000000000000284e+01
3.445000000000000284e+01
3.445000000000000284e+01
3.445000000000000284e+01
3.445000000000000284e+01
3.445000000000000284e+01
3.445000000000000284e+01
3.459999999999999432e+01
3.459999999999999432e+01
3.459999999999999432e+01
3.459999999999999432e+01
3.459999999999999432e+01
3.459999999999999432e+01
3.459999999999999432e+01
3.459999999999999432e+01
3.459999999999999432e+01
3.459999999999999432e+01
3.459999999999999432e+01
3.459999999999999432e+01
3.459999999999999432e+01
3.475000000000000000e+01
3.475000000000000000e+01
3.475000000000000000e+01
3.475000000000000000e+01
3.475000000000000000e+01
3.475000000000000000e+01
3.475000000000000000e+01
3.475000000000000000e+01
3.475000000000000000e+01
3.475000000000000000e+01
3.475000000000000000e+01
3.475000000000000000e+01
3.489999999999999858e+01
3.489999999999999858e+01
3.489999999999999858e+01
3.489999999999999858e+01
3.489999999999999858e+01
3.489999999999999858e+01
3.489999999999999858e+01
3.489999999999999858e+01
3.489999999999999858e+01
3.489999999999999858e+01
3.489999999999999858e+01
3.489999999999999858e+01
3.504999999999999716e+01
3.504999999999999716e+01
3.504999999999999716e+01
3.504999999999999716e+01
3.504999999999999716e+01
3.504999999999999716e+01
3.504999999999999716e+01
3.504999999999999716e+01
3.504999999999999716e+01
3.504999999999999716e+01
3.504999999999999716e+01
3.504999999999999716e+01
3.520000000000000284e+01
3.520000000000000284e+01
3.520000000000000284e+01
3.520000000000000284e+01
3.520000000000000284e+01
3.520000000000000284e+01
3.520000000000000284e+01
3.520000000000000284e+01
3.520000000000000284e+01
3.520000000000000284e+01
3.520000000000000284e+01
3.520000000000000284e+01
3.534999999999999432e+01
3.534999999999999432e+01
3.534999999999999432e+01
3.534999999999999432e+01
3.534999999999999432e+01
3.534999999999999432e+01
3.534999999999999432e+01
3.534999999999999432e+01
3.534999999999999432e+01
3.534999999999999432e+01
3.534999999999999432e+01
3.550000000000000000e+01
3.550000000000000000e+01
3.550000000000000000e+01
3.550000000000000000e+01
3.550000000000000000e+01
3.550000000000000000e+01
3.550000000000000000e+01
3.550000000000000000e+01
3.550000000000000000e+01
3.550000000000000000e+01
3.550000000000000000e+01
3.550000000000000000e+01
3.564999999999999858e+01
3.564999999999999858e+01
3.564999999999999858e+01
3.564999999999999858e+01
3.564999999999999858e+01
3.564999999999999858e+01
3.564999999999999858e+01
3.564999999999999858e+01
3.564999999999999858e+01
3.564999999999999858e+01
3.564999999999999858e+01
3.579999999999999716e+01
3.579999999999999716e+01
3.579999999999999716e+01
3.579999999999999716e+01
3.579999999999999716e+01
3.579999999999999716e+01
3.579999999999999716e+01
3.579999999999999716e+01
3.579999999999999716e+01
3.579999999999999716e+01
3.579999999999999716e+01
3.595000000000000284e+01
3.595000000000000284e+01
3.595000000000000284e+01
3.595000000000000284e+01
3.595000000000000284e+01
3.595000000000000284e+01
3.595000000000000284e+01
3.595000000000000284e+01
3.595000000000000284e+01
3.595000000000000284e+01
3.609999999999999432e+01
3.609999999999999432e+01
3.609999999999999432e+01
3.609999999999999432e+01
3.609999999999999432e+01
3.609999999999999432e+01
3.609999999999999432e+01
3.609999999999999432e+01
3.609999999999999432e+01
3.609999999999999432e+01
3.625000000000000000e+01
3.625000000000000000e+01
3.625000000000000000e+01
3.625000000000000000e+01
3.625000000000000000e+01
3.625000000000000000e+01
3.625000000000000000e+01
3.625000000000000000e+01
3.625000000000000000e+01
3.625000000000000000e+01
3.639999999999999858e+01
3.639999999999999858e+01
3.639999999999999858e+01
3.639999999999999858e+01
3.639999999999999858e+01
3.639999999999999858e+01
3.639999999999999858e+01
3.639999999999999858e+01
3.639999999999999858e+01
3.639999999999999858e+01
3.654999999999999716e+01
3.654999999999999716e+01
3.654999999999999716e+01
3.654999999999999716e+01
3.654999999999999716e+01
3.654999999999999716e+01
3.654999999999999716e+01
3.654999999999999716e+01
3.654999999999999716e+01
3.670000000000000284e+01
3.670000000000000284e+01
3.670000000000000284e+01
3.670000000000000284e+01
3.670000000000000284e+01
3.670000000000000284e+01
3.670000000000000284e+01
3.670000000000000284e+01
3.684999999999999432e+01
3.684999999999999432e+01
3.684999999999999432e+01
3.684999999999999432e+01
3.684999999999999432e+01
3.684999999999999432e+01
3.684999999999999432e+01
3.684999999999999432e+01
3.684999999999999432e+01
3.700000000000000000e+01
3.700000000000000000e+01
3.700000000000000000e+01
3.700000000000000000e+01
3.700000000000000000e+01
3.700000000000000000e+01
3.700000000000000000e+01
3.700000000000000000e+01
3.714999999999999858e+01
3.714999999999999858e+01
3.714999999999999858e+01
3.714999999999999858e+01
3.714999999999999858e+01
3.714999999999999858e+01
3.714999999999999858e+01
3.729999999999999716e+01
3.729999999999999716e+01
3.729999999999999716e+01
3.729999999999999716e+01
3.729999999999999716e+01
3.729999999999999716e+01
3.729999999999999716e+01
3.745000000000000284e+01
3.745000000000000284e+01
3.745000000000000284e+01
3.745000000000000284e+01
3.745000000000000284e+01
3.745000000000000284e+01
3.745000000000000284e+01
3.759999999999999432e+01
3.759999999999999432e+01
3.759999999999999432e+01
3.759999999999999432e+01
3.759999999999999432e+01
3.759999999999999432e+01
3.775000000000000000e+01
3.775000000000000000e+01
3.775000000000000000e+01
3.775000000000000000e+01
3.775000000000000000e+01
3.775000000000000000e+01
3.789999999999999858e+01
3.789999999999999858e+01
3.789999999999999858e+01
3.789999999999999858e+01
3.789999999999999858e+01
3.804999999999999716e+01
3.804999999999999716e+01
3.804999999999999716e+01
3.804999999999999716e+01
3.804999999999999716e+01
3.804999999999999716e+01
3.820000000000000284e+01
3.820000000000000284e+01
3.820000000000000284e+01
3.820000000000000284e+01
3.834999999999999432e+01
3.834999999999999432e+01
3.834999999999999432e+01
3.834999999999999432e+01
3.834999999999999432e+01
3.850000000000000000e+01
3.850000000000000000e+01
3.850000000000000000e+01
3.850000000000000000e+01
3.864999999999999858e+01
3.864999999999999858e+01
3.864999999999999858e+01
3.864999999999999858e+01
3.879999999999999716e+01
3.879999999999999716e+01
3.879999999999999716e+01
3.895000000000000284e+01
3.895000000000000284e+01
3.895000000000000284e+01
3.909999999999999432e+01
3.909999999999999432e+01
3.909999999999999432e+01
3.925000000000000000e+01
3.925000000000000000e+01
3.925000000000000000e+01
3.939999999999999858e+01
3.939999999999999858e+01
3.954999999999999716e+01
3.954999999999999716e+01
3.970000000000000284e+01
3.984999999999999432e+01
3.984999999999999432e+01
4.014999999999999858e+01
8.000000000000000000e+01
