6.654999999999999716e+01
6.654999999999999716e+01
6.669999999999998863e+01
6.669999999999998863e+01
6.669999999999998863e+01
6.669999999999998863e+01
6.669999999999998863e+01
6.669999999999998863e+01
6.669999999999998863e+01
6.669999999999998863e+01
6.684999999999999432e+01
6.684999999999999432e+01
6.684999999999999432e+01
6.684999999999999432e+01
6.684999999999999432e+01
6.684999999999999432e+01
6.684999999999999432e+01
6.684999999999999432e+01
6.700000000000000000e+01
6.700000000000000000e+01
6.700000000000000000e+01
6.700000000000000000e+01
6.700000000000000000e+01
6.700000000000000000e+01
6.700000000000000000e+01
6.715000000000000568e+01
6.715000000000000568e+01
6.715000000000000568e+01
6.715000000000000568e+01
6.715000000000000568e+01
6.715000000000000568e+01
6.715000000000000568e+01
6.715000000000000568e+01
6.729999999999999716e+01
6.729999999999999716e+01
6.729999999999999716e+01
6.729999999999999716e+01
6.729999999999999716e+01
6.729999999999999716e+01
6.729999999999999716e+01
6.744999999999998863e+01
6.744999999999998863e+01
6.744999999999998863e+01
6.744999999999998863e+01
6.744999999999998863e+01
6.744999999999998863e+01
6.744999999999998863e+01
6.759999999999999432e+01
6.759999999999999432e+01
6.759999999999999432e+01
6.759999999999999432e+01
6.759999999999999432e+01
6.759999999999999432e+01
6.759999999999999432e+01
6.775000000000000000e+01
6.775000000000000000e+01
6.775000000000000000e+01
6.775000000000000000e+01
6.775000000000000000e+01
6.775000000000000000e+01
6.775000000000000000e+01
6.790000000000000568e+01
6.790000000000000568e+01
6.790000000000000568e+01
6.790000000000000568e+01
6.790000000000000568e+01
6.790000000000000568e+01
6.804999999999999716e+01
6.804999999999999716e+01
6.804999999999999716e+01
6.804999999999999716e+01
6.804999999999999716e+01
6.804999999999999716e+01
6.819999999999998863e+01
6.819999999999998863e+01
6.819999999999998863e+01
6.819999999999998863e+01
6.819999999999998863e+01
6.819999999999998863e+01
6.819999999999998863e+01
6.834999999999999432e+01
6.834999999999999432e+01
6.834999999999999432e+01
6.834999999999999432e+01
6.834999999999999432e+01
6.834999999999999432e+01
6.850000000000000000e+01
6.850000000000000000e+01
6.850000000000000000e+01
6.850000000000000000e+01
6.850000000000000000e+01
6.850000000000000000e+01
6.865000000000000568e+01
6.865000000000000568e+01
6.865000000000000568e+01
6.865000000000000568e+01
6.865000000000000568e+01
6.879999999999999716e+01
6.879999999999999716e+01
6.879999999999999716e+01
6.879999999999999716e+01
6.879999999999999716e+01
6.879999999999999716e+01
6.894999999999998863e+01
6.894999999999998863e+01
6.894999999999998863e+01
6.894999999999998863e+01
6.894999999999998863e+01
6.894999999999998863e+01
6.909999999999999432e+01
6.909999999999999432e+01
6.909999999999999432e+01
6.909999999999999432e+01
6.909999999999999432e+01
6.925000000000000000e+01
6.925000000000000000e+01
6.925000000000000000e+01
6.925000000000000000e+01
6.925000000000000000e+01
6.940000000000000568e+01
6.940000000000000568e+01
6.940000000000000568e+01
6.940000000000000568e+01
6.940000000000000568e+01
6.940000000000000568e+01
6.954999999999999716e+01
6.954999999999999716e+01
6.954999999999999716e+01
6.954999999999999716e+01
6.954999999999999716e+01
6.969999999999998863e+01
6.969999999999998863e+01
6.969999999999998863e+01
6.969999999999998863e+01
6.969999999999998863e+01
6.984999999999999432e+01
6.984999999999999432e+01
6.984999999999999432e+01
6.984999999999999432e+01
7.000000000000000000e+01
7.000000000000000000e+01
7.000000000000000000e+01
7.000000000000000000e+01
7.000000000000000000e+01
7.015000000000000568e+01
7.015000000000000568e+01
7.015000000000000568e+01
7.015000000000000568e+01
7.015000000000000568e+01
7.029999999999999716e+01
7.029999999999999716e+01
7.029999999999999716e+01
7.029999999999999716e+01
7.044999999999998863e+01
7.044999999999998863e+01
7.044999999999998863e+01
7.044999999999998863e+01
7.044999999999998863e+01
7.059999999999999432e+01
7.059999999999999432e+01
7.059999999999999432e+01
7.059999999999999432e+01
7.075000000000000000e+01
7.075000000000000000e+01
7.075000000000000000e+01
7.075000000000000000e+01
7.090000000000000568e+01
7.090000000000000568e+01
7.090000000000000568e+01
7.090000000000000568e+01
7.090000000000000568e+01
7.104999999999999716e+01
7.104999999999999716e+01
7.104999999999999716e+01
7.104999999999999716e+01
7.119999999999998863e+01
7.119999999999998863e+01
7.119999999999998863e+01
7.119999999999998863e+01
7.134999999999999432e+01
7.134999999999999432e+01
7.134999999999999432e+01
7.134999999999999432e+01
7.150000000000000000e+01
7.150000000000000000e+01
7.150000000000000000e+01
7.165000000000000568e+01
7.165000000000000568e+01
7.165000000000000568e+01
7.165000000000000568e+01
7.179999999999999716e+01
7.179999999999999716e+01
7.179999999999999716e+01
7.179999999999999716e+01
7.194999999999998863e+01
7.194999999999998863e+01
7.194999999999998863e+01
7.209999999999999432e+01
7.209999999999999432e+01
7.209999999999999432e+01
7.209999999999999432e+01
7.225000000000000000e+01
7.225000000000000000e+01
7.225000000000000000e+01
7.240000000000000568e+01
7.240000000000000568e+01
7.240000000000000568e+01
7.240000000000000568e+01
7.254999999999999716e+01
7.254999999999999716e+01
7.254999999999999716e+01
7.269999999999998863e+01
7.269999999999998863e+01
7.269999999999998863e+01
7.284999999999999432e+01
7.284999999999999432e+01
7.284999999999999432e+01
7.300000000000000000e+01
7.300000000000000000e+01
7.300000000000000000e+01
7.315000000000000568e+01
7.315000000000000568e+01
7.315000000000000568e+01
7.329999999999999716e+01
7.329999999999999716e+01
7.329999999999999716e+01
7.344999999999998863e+01
7.344999999999998863e+01
7.344999999999998863e+01
7.359999999999999432e+01
7.359999999999999432e+01
7.359999999999999432e+01
7.375000000000000000e+01
7.375000000000000000e+01
7.375000000000000000e+01
7.390000000000000568e+01
7.390000000000000568e+01
7.390000000000000568e+01
7.404999999999999716e+01
7.404999999999999716e+01
7.420000000000000284e+01
7.420000000000000284e+01
7.420000000000000284e+01
7.434999999999999432e+01
7.434999999999999432e+01
7.434999999999999432e+01
7.450000000000000000e+01
7.450000000000000000e+01
7.464999999999999147e+01
7.464999999999999147e+01
7.464999999999999147e+01
7.479999999999999716e+01
7.479999999999999716e+01
7.495000000000000284e+01
7.495000000000000284e+01
7.495000000000000284e+01
7.509999999999999432e+01
7.509999999999999432e+01
7.525000000000000000e+01
7.525000000000000000e+01
7.539999999999999147e+01
7.539999999999999147e+01
7.554999999999999716e+01
7.554999999999999716e+01
7.554999999999999716e+01
7.570000000000000284e+01
7.570000000000000284e+01
7.584999999999999432e+01
7.584999999999999432e+01
7.600000000000000000e+01
7.600000000000000000e+01
7.614999999999999147e+01
7.614999999999999147e+01
7.629999999999999716e+01
7.629999999999999716e+01
7.645000000000000284e+01
7.645000000000000284e+01
7.659999999999999432e+01
7.659999999999999432e+01
7.675000000000000000e+01
7.675000000000000000e+01
7.689999999999999147e+01
7.689999999999999147e+01
7.704999999999999716e+01
7.720000000000000284e+01
7.720000000000000284e+01
7.734999999999999432e+01
7.734999999999999432e+01
7.750000000000000000e+01
7.750000000000000000e+01
7.764999999999999147e+01
7.779999999999999716e+01
7.779999999999999716e+01
7.795000000000000284e+01
7.795000000000000284e+01
7.809999999999999432e+01
7.825000000000000000e+01
7.825000000000000000e+01
7.839999999999999147e+01
7.854999999999999716e+01
7.854999999999999716e+01
7.870000000000000284e+01
7.884999999999999432e+01
7.884999999999999432e+01
7.900000000000000000e+01
7.914999999999999147e+01
7.929999999999999716e+01
7.929999999999999716e+01
7.945000000000000284e+01
7.959999999999999432e+01
7.975000000000000000e+01
7.975000000000000000e+01
7.989999999999999147e+01
8.004999999999999716e+01
8.020000000000000284e+01
8.034999999999999432e+01
8.050000000000000000e+01
8.050000000000000000e+01
8.064999999999999147e+01
8.079999999999999716e+01
8.095000000000000284e+01
8.109999999999999432e+01
8.125000000000000000e+01
8.139999999999999147e+01
8.154999999999999716e+01
8.170000000000000284e+01
8.184999999999999432e+01
8.200000000000000000e+01
8.214999999999999147e+01
8.229999999999999716e+01
8.245000000000000284e+01
8.275000000000000000e+01
8.289999999999999147e+01
8.304999999999999716e+01
8.320000000000000284e+01
8.334999999999999432e+01
8.364999999999999147e+01
8.379999999999999716e+01
8.395000000000000284e+01
8.425000000000000000e+01
8.439999999999999147e+01
8.470000000000000284e+01
8.484999999999999432e+01
8.514999999999999147e+01
8.529999999999999716e+01
8.559999999999999432e+01
8.589999999999999147e+01
8.620000000000000284e+01
8.650000000000000000e+01
8.679999999999999716e+01
8.709999999999999432e+01
8.739999999999999147e+01
8.770000000000000284e+01
8.814999999999999147e+01
8.845000000000000284e+01
8.889999999999999147e+01
8.934999999999999432e+01
8.979999999999999716e+01
9.025000000000000000e+01
9.084999999999999432e+01
9.145000000000000284e+01
9.220000000000000284e+01
9.295000000000000284e+01
9.384999999999999432e+01
9.520000000000000284e+01
1.000000000000000000e+02
